           0    -0.653268    -0.757126            0
           1  5.55112e-17  5.55112e-17 -5.55112e-17
           0    -0.757126     0.653268     0.725764
           0            0            0            1
   0.805364   -0.343474    -0.48313 6.93889e-18
   0.514427           0    0.857534           0
   -0.29454   -0.939162    0.176692    0.725764
          0           0           0           1
  -0.805364   -0.343474    -0.48313 6.93889e-18
   0.514427           0   -0.857534           0
    0.29454   -0.939162    0.176692    0.725764
          0           0           0           1
           0    -0.356822    -0.934172 -2.77556e-17
           1  5.55112e-17            0            0
           0    -0.934172     0.356822     0.718772
           0            0            0            1
           0    -0.653268     0.757126            0
          -1  5.55112e-17 -5.55112e-17 -5.55112e-17
           0    -0.757126    -0.653268     0.725764
           0            0            0            1
  -0.805364   -0.343474     0.48313 6.93889e-18
  -0.514427           0   -0.857534           0
    0.29454   -0.939162   -0.176692    0.725764
          0           0           0           1
   0.805364   -0.343474     0.48313 6.93889e-18
  -0.514427           0    0.857534           0
   -0.29454   -0.939162   -0.176692    0.725764
          0           0           0           1
           0    -0.356822     0.934172 -2.77556e-17
          -1  5.55112e-17            0            0
           0    -0.934172    -0.356822     0.718772
           0            0            0            1
-0.0544588  -0.955639   0.289462          0
 -0.982758          0  -0.184894          0
  0.176692   -0.29454  -0.939162   0.725764
         0          0          0          1
0.0544588 -0.955639 -0.289462         0
-0.982758         0 -0.184894         0
 0.176692   0.29454 -0.939162  0.725764
        0         0         0         1
        0        -1         0         0
-0.757126         0 -0.653268         0
 0.653268         0 -0.757126  0.725764
        0         0         0         1
        0        -1         0         0
-0.934172         0 -0.356822         0
 0.356822         0 -0.934172  0.718772
        0         0         0         1
0.0544588 -0.955639  0.289462         0
-0.982758         0  0.184894         0
-0.176692  -0.29454 -0.939162  0.725764
        0         0         0         1
           0           -1            0            0
   -0.757126            0     0.653268 -1.11022e-16
   -0.653268            0    -0.757126     0.725764
           0            0            0            1
-0.0544588  -0.955639  -0.289462          0
 -0.982758          0   0.184894          0
 -0.176692    0.29454  -0.939162   0.725764
         0          0          0          1
        0        -1         0         0
-0.934172         0  0.356822         0
-0.356822         0 -0.934172  0.718772
        0         0         0         1
0.0544588 -0.955639 -0.289462         0
 0.982758         0  0.184894         0
-0.176692  -0.29454  0.939162  0.725764
        0         0         0         1
-0.0544588  -0.955639   0.289462          0
  0.982758          0   0.184894          0
 -0.176692    0.29454   0.939162   0.725764
         0          0          0          1
        0        -1         0         0
 0.757126         0  0.653268         0
-0.653268         0  0.757126  0.725764
        0         0         0         1
        0        -1         0         0
 0.934172         0  0.356822         0
-0.356822         0  0.934172  0.718772
        0         0         0         1
-0.0544588  -0.955639  -0.289462          0
  0.982758          0  -0.184894          0
  0.176692   -0.29454   0.939162   0.725764
         0          0          0          1
           0           -1            0            0
    0.757126            0    -0.653268 -1.11022e-16
    0.653268            0     0.757126     0.725764
           0            0            0            1
0.0544588 -0.955639  0.289462         0
 0.982758         0 -0.184894         0
 0.176692   0.29454  0.939162  0.725764
        0         0         0         1
        0        -1         0         0
 0.934172         0 -0.356822         0
 0.356822         0  0.934172  0.718772
        0         0         0         1
           0    -0.653268    -0.757126            0
          -1 -5.55112e-17 -5.55112e-17 -5.55112e-17
           0     0.757126    -0.653268     0.725764
           0            0            0            1
   -0.805364    -0.343474     -0.48313 -6.93889e-18
   -0.514427            0     0.857534            0
    -0.29454     0.939162    -0.176692     0.725764
           0            0            0            1
    0.805364    -0.343474     -0.48313 -6.93889e-18
   -0.514427            0    -0.857534            0
     0.29454     0.939162    -0.176692     0.725764
           0            0            0            1
           0    -0.356822    -0.934172  2.77556e-17
          -1 -5.55112e-17            0            0
           0     0.934172    -0.356822     0.718772
           0            0            0            1
           0    -0.653268     0.757126            0
           1 -5.55112e-17  5.55112e-17 -5.55112e-17
           0     0.757126     0.653268     0.725764
           0            0            0            1
    0.805364    -0.343474      0.48313 -6.93889e-18
    0.514427            0    -0.857534            0
     0.29454     0.939162     0.176692     0.725764
           0            0            0            1
   -0.805364    -0.343474      0.48313 -6.93889e-18
    0.514427            0     0.857534            0
    -0.29454     0.939162     0.176692     0.725764
           0            0            0            1
           0    -0.356822     0.934172  2.77556e-17
           1 -5.55112e-17            0            0
           0     0.934172     0.356822     0.718772
           0            0            0            1
   -0.653268    -0.757126            0            0
-5.55112e-17 -5.55112e-17           -1 -5.55112e-17
    0.757126    -0.653268            0     0.725764
           0            0            0            1
   -0.168595    -0.984266    0.0528749 -2.25514e-17
   -0.299249            0    -0.954175            0
    0.939162    -0.176692     -0.29454     0.725764
           0            0            0            1
   -0.168595    -0.984266   -0.0528749 -2.25514e-17
    0.299249            0    -0.954175            0
    0.939162    -0.176692      0.29454     0.725764
           0            0            0            1
   -0.356822    -0.934172            0  2.77556e-17
-5.55112e-17            0           -1            0
    0.934172    -0.356822            0     0.718772
           0            0            0            1
    0.653268    -0.757126            0            0
-5.55112e-17  5.55112e-17           -1 -5.55112e-17
    0.757126     0.653268            0     0.725764
           0            0            0            1
   0.168595   -0.984266   0.0528749 2.25514e-17
   0.299249           0   -0.954175           0
   0.939162    0.176692     0.29454    0.725764
          0           0           0           1
   0.168595   -0.984266  -0.0528749 2.25514e-17
  -0.299249           0   -0.954175           0
   0.939162    0.176692    -0.29454    0.725764
          0           0           0           1
    0.356822    -0.934172            0 -2.77556e-17
-5.55112e-17            0           -1            0
    0.934172     0.356822            0     0.718772
           0            0            0            1
    0.653268    -0.757126            0            0
 5.55112e-17 -5.55112e-17            1 -5.55112e-17
   -0.757126    -0.653268            0     0.725764
           0            0            0            1
    0.168595    -0.984266   -0.0528749 -2.25514e-17
    0.299249            0     0.954175            0
   -0.939162    -0.176692      0.29454     0.725764
           0            0            0            1
    0.168595    -0.984266    0.0528749 -2.25514e-17
   -0.299249            0     0.954175            0
   -0.939162    -0.176692     -0.29454     0.725764
           0            0            0            1
   0.356822   -0.934172           0 2.77556e-17
5.55112e-17           0           1           0
  -0.934172   -0.356822           0    0.718772
          0           0           0           1
   -0.653268    -0.757126            0            0
 5.55112e-17  5.55112e-17            1 -5.55112e-17
   -0.757126     0.653268            0     0.725764
           0            0            0            1
  -0.168595   -0.984266  -0.0528749 2.25514e-17
  -0.299249           0    0.954175           0
  -0.939162    0.176692    -0.29454    0.725764
          0           0           0           1
  -0.168595   -0.984266   0.0528749 2.25514e-17
   0.299249           0    0.954175           0
  -0.939162    0.176692     0.29454    0.725764
          0           0           0           1
   -0.356822    -0.934172            0 -2.77556e-17
 5.55112e-17            0            1            0
   -0.934172     0.356822            0     0.718772
           0            0            0            1
  -0.203784   -0.814307    0.543485           0
  -0.936342 5.55112e-17   -0.351088           0
   0.285894   -0.580434    -0.76247    0.725764
          0           0           0           1
    -0.22748    -0.958261      0.17317 -2.77556e-17
   -0.605716 -2.77556e-17    -0.795681            0
     0.76247    -0.285894    -0.580434     0.725764
           0            0            0            1
     -0.684   -0.647023    0.336905 4.16334e-17
   -0.44186           0   -0.897084           0
   0.580434    -0.76247   -0.285894    0.725764
          0           0           0           1
-0.408248 -0.816497  0.408248         0
-0.707107         0 -0.707107         0
  0.57735  -0.57735  -0.57735  0.718772
        0         0         0         1
   0.203784   -0.814307    0.543485           0
  -0.936342 5.55112e-17    0.351088           0
  -0.285894   -0.580434    -0.76247    0.725764
          0           0           0           1
      0.684   -0.647023    0.336905 4.16334e-17
   -0.44186           0    0.897084           0
  -0.580434    -0.76247   -0.285894    0.725764
          0           0           0           1
     0.22748    -0.958261      0.17317 -2.77556e-17
   -0.605716 -2.77556e-17     0.795681            0
    -0.76247    -0.285894    -0.580434     0.725764
           0            0            0            1
 0.408248 -0.816497  0.408248         0
-0.707107         0  0.707107         0
 -0.57735  -0.57735  -0.57735  0.718772
        0         0         0         1
  -0.203784   -0.814307   -0.543485           0
   0.936342 5.55112e-17   -0.351088           0
   0.285894   -0.580434     0.76247    0.725764
          0           0           0           1
     -0.684   -0.647023   -0.336905 4.16334e-17
    0.44186           0   -0.897084           0
   0.580434    -0.76247    0.285894    0.725764
          0           0           0           1
    -0.22748    -0.958261     -0.17317 -2.77556e-17
    0.605716 -2.77556e-17    -0.795681            0
     0.76247    -0.285894     0.580434     0.725764
           0            0            0            1
-0.408248 -0.816497 -0.408248         0
 0.707107         0 -0.707107         0
  0.57735  -0.57735   0.57735  0.718772
        0         0         0         1
   0.203784   -0.814307   -0.543485           0
   0.936342 5.55112e-17    0.351088           0
  -0.285894   -0.580434     0.76247    0.725764
          0           0           0           1
     0.22748    -0.958261     -0.17317 -2.77556e-17
    0.605716 -2.77556e-17     0.795681            0
    -0.76247    -0.285894     0.580434     0.725764
           0            0            0            1
      0.684   -0.647023   -0.336905 4.16334e-17
    0.44186           0    0.897084           0
  -0.580434    -0.76247    0.285894    0.725764
          0           0           0           1
 0.408248 -0.816497 -0.408248         0
 0.707107         0  0.707107         0
 -0.57735  -0.57735   0.57735  0.718772
        0         0         0         1
    0.203784    -0.814307     0.543485            0
    0.936342 -5.55112e-17    -0.351088            0
    0.285894     0.580434      0.76247     0.725764
           0            0            0            1
    0.22748   -0.958261     0.17317 2.77556e-17
   0.605716 2.77556e-17   -0.795681           0
    0.76247    0.285894    0.580434    0.725764
          0           0           0           1
       0.684    -0.647023     0.336905 -4.16334e-17
     0.44186            0    -0.897084            0
    0.580434      0.76247     0.285894     0.725764
           0            0            0            1
 0.408248 -0.816497  0.408248         0
 0.707107         0 -0.707107         0
  0.57735   0.57735   0.57735  0.718772
        0         0         0         1
   -0.203784    -0.814307     0.543485            0
    0.936342 -5.55112e-17     0.351088            0
   -0.285894     0.580434      0.76247     0.725764
           0            0            0            1
      -0.684    -0.647023     0.336905 -4.16334e-17
     0.44186            0     0.897084            0
   -0.580434      0.76247     0.285894     0.725764
           0            0            0            1
   -0.22748   -0.958261     0.17317 2.77556e-17
   0.605716 2.77556e-17    0.795681           0
   -0.76247    0.285894    0.580434    0.725764
          0           0           0           1
-0.408248 -0.816497  0.408248         0
 0.707107         0  0.707107         0
 -0.57735   0.57735   0.57735  0.718772
        0         0         0         1
    0.203784    -0.814307    -0.543485            0
   -0.936342 -5.55112e-17    -0.351088            0
    0.285894     0.580434     -0.76247     0.725764
           0            0            0            1
       0.684    -0.647023    -0.336905 -4.16334e-17
    -0.44186            0    -0.897084            0
    0.580434      0.76247    -0.285894     0.725764
           0            0            0            1
    0.22748   -0.958261    -0.17317 2.77556e-17
  -0.605716 2.77556e-17   -0.795681           0
    0.76247    0.285894   -0.580434    0.725764
          0           0           0           1
 0.408248 -0.816497 -0.408248         0
-0.707107         0 -0.707107         0
  0.57735   0.57735  -0.57735  0.718772
        0         0         0         1
   -0.203784    -0.814307    -0.543485            0
   -0.936342 -5.55112e-17     0.351088            0
   -0.285894     0.580434     -0.76247     0.725764
           0            0            0            1
   -0.22748   -0.958261    -0.17317 2.77556e-17
  -0.605716 2.77556e-17    0.795681           0
   -0.76247    0.285894   -0.580434    0.725764
          0           0           0           1
      -0.684    -0.647023    -0.336905 -4.16334e-17
    -0.44186            0     0.897084            0
   -0.580434      0.76247    -0.285894     0.725764
           0            0            0            1
-0.408248 -0.816497 -0.408248         0
-0.707107         0  0.707107         0
 -0.57735   0.57735  -0.57735  0.718772
        0         0         0         1
