          0   -0.769524   -0.638618 5.55112e-17
          1           0           0           0
          0   -0.638618    0.769524    0.711491
          0           0           0           1
 0.203481 -0.606631 -0.768501         0
 0.966688         0  0.255956         0
-0.155271 -0.794983  0.586423  0.707241
        0         0         0         1
-0.203481 -0.606631 -0.768501         0
 0.966688         0 -0.255956         0
 0.155271 -0.794983  0.586423  0.707241
        0         0         0         1
           0    -0.659009    -0.752135            0
           1 -5.55112e-17            0 -5.55112e-17
           0    -0.752135     0.659009     0.708225
           0            0            0            1
    0.592901    -0.459099    -0.661587            0
    0.744707            0     0.667392 -1.11022e-16
   -0.306399    -0.888385     0.341894     0.707241
           0            0            0            1
    0.885295    -0.432957     -0.16971  1.73472e-17
     0.18827            0     0.982117 -5.55112e-17
   -0.425214    -0.901415    0.0815129     0.711491
           0            0            0            1
    0.844112    -0.176235    -0.506375  6.93889e-18
    0.514427            0     0.857534 -5.55112e-17
   -0.151127    -0.984348      0.09066     0.707241
           0            0            0            1
    0.813732     -0.34665    -0.466555            0
    0.497397 -5.55112e-17     0.867523            0
   -0.300727    -0.937995     0.172423     0.708225
           0            0            0            1
   -0.844112    -0.176235    -0.506375  6.93889e-18
    0.514427            0    -0.857534 -5.55112e-17
    0.151127    -0.984348      0.09066     0.707241
           0            0            0            1
   -0.885295    -0.432957     -0.16971  1.73472e-17
     0.18827            0    -0.982117 -5.55112e-17
    0.425214    -0.901415    0.0815129     0.711491
           0            0            0            1
-0.592901 -0.459099 -0.661587         0
 0.744707         0 -0.667392         0
 0.306399 -0.888385  0.341894  0.707241
        0         0         0         1
   -0.813732     -0.34665    -0.466555            0
    0.497397 -5.55112e-17    -0.867523            0
    0.300727    -0.937995     0.172423     0.708225
           0            0            0            1
    0.300278    -0.462855    -0.834025            0
    0.940877            0     0.338748 -5.55112e-17
   -0.156791    -0.886434      0.43549     0.705387
           0            0            0            1
        0 -0.181796 -0.983336         0
        1         0         0         0
        0 -0.983336  0.181796  0.705387
        0         0         0         1
   -0.300278    -0.462855    -0.834025            0
    0.940877            0    -0.338748 -5.55112e-17
    0.156791    -0.886434      0.43549     0.705387
           0            0            0            1
          0   -0.356822   -0.934172 2.77556e-17
          1           0 2.77556e-17           0
          0   -0.934172    0.356822     0.70517
          0           0           0           1
          0   -0.769524    0.638618 5.55112e-17
         -1           0           0           0
          0   -0.638618   -0.769524    0.711491
          0           0           0           1
-0.203481 -0.606631  0.768501         0
-0.966688         0 -0.255956         0
 0.155271 -0.794983 -0.586423  0.707241
        0         0         0         1
 0.203481 -0.606631  0.768501         0
-0.966688         0  0.255956         0
-0.155271 -0.794983 -0.586423  0.707241
        0         0         0         1
           0    -0.659009     0.752135            0
          -1 -5.55112e-17            0 -5.55112e-17
           0    -0.752135    -0.659009     0.708225
           0            0            0            1
   -0.592901    -0.459099     0.661587            0
   -0.744707            0    -0.667392 -1.11022e-16
    0.306399    -0.888385    -0.341894     0.707241
           0            0            0            1
   -0.885295    -0.432957      0.16971  1.73472e-17
    -0.18827            0    -0.982117 -5.55112e-17
    0.425214    -0.901415   -0.0815129     0.711491
           0            0            0            1
   -0.844112    -0.176235     0.506375  6.93889e-18
   -0.514427            0    -0.857534 -5.55112e-17
    0.151127    -0.984348     -0.09066     0.707241
           0            0            0            1
   -0.813732     -0.34665     0.466555            0
   -0.497397 -5.55112e-17    -0.867523            0
    0.300727    -0.937995    -0.172423     0.708225
           0            0            0            1
    0.844112    -0.176235     0.506375  6.93889e-18
   -0.514427            0     0.857534 -5.55112e-17
   -0.151127    -0.984348     -0.09066     0.707241
           0            0            0            1
    0.885295    -0.432957      0.16971  1.73472e-17
    -0.18827            0     0.982117 -5.55112e-17
   -0.425214    -0.901415   -0.0815129     0.711491
           0            0            0            1
 0.592901 -0.459099  0.661587         0
-0.744707         0  0.667392         0
-0.306399 -0.888385 -0.341894  0.707241
        0         0         0         1
    0.813732     -0.34665     0.466555            0
   -0.497397 -5.55112e-17     0.867523            0
   -0.300727    -0.937995    -0.172423     0.708225
           0            0            0            1
   -0.300278    -0.462855     0.834025            0
   -0.940877            0    -0.338748 -5.55112e-17
    0.156791    -0.886434     -0.43549     0.705387
           0            0            0            1
        0 -0.181796  0.983336         0
       -1         0         0         0
        0 -0.983336 -0.181796  0.705387
        0         0         0         1
    0.300278    -0.462855     0.834025            0
   -0.940877            0     0.338748 -5.55112e-17
   -0.156791    -0.886434     -0.43549     0.705387
           0            0            0            1
           0    -0.356822     0.934172  2.77556e-17
          -1            0 -2.77556e-17            0
           0    -0.934172    -0.356822      0.70517
           0            0            0            1
  -0.0382949    -0.905093     0.423486            0
   -0.995936            0   -0.0900603 -5.55112e-17
   0.0815129    -0.425214    -0.901415     0.711491
           0            0            0            1
  -0.0138604    -0.988514      0.15049 -1.38778e-17
   -0.995785            0   -0.0917133 -5.55112e-17
     0.09066    -0.151127    -0.984348     0.707241
           0            0            0            1
   -0.110049    -0.951903     0.285953  2.77556e-17
   -0.933273            0    -0.359169 -5.55112e-17
    0.341894    -0.306399    -0.888385     0.707241
           0            0            0            1
 -0.0543688    -0.95371    0.295771 5.55112e-17
  -0.983521           0   -0.180791           0
   0.172423   -0.300727   -0.937995    0.708225
          0           0           0           1
   0.0138604    -0.988514     -0.15049  1.38778e-17
   -0.995785            0   -0.0917133 -5.55112e-17
     0.09066     0.151127    -0.984348     0.707241
           0            0            0            1
   0.0382949    -0.905093    -0.423486            0
   -0.995936            0   -0.0900603 -5.55112e-17
   0.0815129     0.425214    -0.901415     0.711491
           0            0            0            1
    0.110049    -0.951903    -0.285953 -2.77556e-17
   -0.933273            0    -0.359169 -5.55112e-17
    0.341894     0.306399    -0.888385     0.707241
           0            0            0            1
   0.0543688     -0.95371    -0.295771 -5.55112e-17
   -0.983521            0    -0.180791            0
    0.172423     0.300727    -0.937995     0.708225
           0            0            0            1
  0.0921725   -0.987872   -0.124953 1.38778e-17
  -0.804743           0   -0.593623           0
   0.586423    0.155271   -0.794983    0.707241
          0           0           0           1
          0          -1           0           0
  -0.638618           0   -0.769524 5.55112e-17
   0.769524           0   -0.638618    0.711491
          0           0           0           1
  -0.0921725    -0.987872     0.124953 -1.38778e-17
   -0.804743            0    -0.593623            0
    0.586423    -0.155271    -0.794983     0.707241
           0            0            0            1
           0           -1            0            0
   -0.752135            0    -0.659009 -5.55112e-17
    0.659009            0    -0.752135     0.708225
           0            0            0            1
        0        -1         0         0
-0.983336         0 -0.181796         0
 0.181796         0 -0.983336  0.705387
        0         0         0         1
   0.0691361    -0.987632    -0.140726            0
   -0.897535            0    -0.440944 -5.55112e-17
     0.43549     0.156791    -0.886434     0.705387
           0            0            0            1
  -0.0691361    -0.987632     0.140726            0
   -0.897535            0    -0.440944 -5.55112e-17
     0.43549    -0.156791    -0.886434     0.705387
           0            0            0            1
        0        -1         0         0
-0.934172         0 -0.356822         0
 0.356822         0 -0.934172   0.70517
        0         0         0         1
   0.0382949    -0.905093     0.423486            0
   -0.995936            0    0.0900603 -5.55112e-17
  -0.0815129    -0.425214    -0.901415     0.711491
           0            0            0            1
    0.110049    -0.951903     0.285953  2.77556e-17
   -0.933273            0     0.359169 -5.55112e-17
   -0.341894    -0.306399    -0.888385     0.707241
           0            0            0            1
   0.0138604    -0.988514      0.15049 -1.38778e-17
   -0.995785            0    0.0917133 -5.55112e-17
    -0.09066    -0.151127    -0.984348     0.707241
           0            0            0            1
  0.0543688    -0.95371    0.295771 5.55112e-17
  -0.983521           0    0.180791           0
  -0.172423   -0.300727   -0.937995    0.708225
          0           0           0           1
   0.0921725    -0.987872     0.124953 -1.38778e-17
   -0.804743            0     0.593623            0
   -0.586423    -0.155271    -0.794983     0.707241
           0            0            0            1
           0           -1            0            0
   -0.638618            0     0.769524 -5.55112e-17
   -0.769524            0    -0.638618     0.711491
           0            0            0            1
 -0.0921725   -0.987872   -0.124953 1.38778e-17
  -0.804743           0    0.593623           0
  -0.586423    0.155271   -0.794983    0.707241
          0           0           0           1
           0           -1            0            0
   -0.752135            0     0.659009 -5.55112e-17
   -0.659009            0    -0.752135     0.708225
           0            0            0            1
   -0.110049    -0.951903    -0.285953 -2.77556e-17
   -0.933273            0     0.359169 -5.55112e-17
   -0.341894     0.306399    -0.888385     0.707241
           0            0            0            1
  -0.0382949    -0.905093    -0.423486            0
   -0.995936            0    0.0900603 -5.55112e-17
  -0.0815129     0.425214    -0.901415     0.711491
           0            0            0            1
  -0.0138604    -0.988514     -0.15049  1.38778e-17
   -0.995785            0    0.0917133 -5.55112e-17
    -0.09066     0.151127    -0.984348     0.707241
           0            0            0            1
  -0.0543688     -0.95371    -0.295771 -5.55112e-17
   -0.983521            0     0.180791            0
   -0.172423     0.300727    -0.937995     0.708225
           0            0            0            1
   0.0691361    -0.987632     0.140726            0
   -0.897535            0     0.440944 -5.55112e-17
    -0.43549    -0.156791    -0.886434     0.705387
           0            0            0            1
  -0.0691361    -0.987632    -0.140726            0
   -0.897535            0     0.440944 -5.55112e-17
    -0.43549     0.156791    -0.886434     0.705387
           0            0            0            1
        0        -1         0         0
-0.983336         0  0.181796         0
-0.181796         0 -0.983336  0.705387
        0         0         0         1
        0        -1         0         0
-0.934172         0  0.356822         0
-0.356822         0 -0.934172   0.70517
        0         0         0         1
   0.0382949    -0.905093    -0.423486            0
    0.995936            0    0.0900603 -5.55112e-17
  -0.0815129    -0.425214     0.901415     0.711491
           0            0            0            1
   0.0138604    -0.988514     -0.15049 -1.38778e-17
    0.995785            0    0.0917133 -5.55112e-17
    -0.09066    -0.151127     0.984348     0.707241
           0            0            0            1
    0.110049    -0.951903    -0.285953  2.77556e-17
    0.933273            0     0.359169 -5.55112e-17
   -0.341894    -0.306399     0.888385     0.707241
           0            0            0            1
  0.0543688    -0.95371   -0.295771 5.55112e-17
   0.983521           0    0.180791           0
  -0.172423   -0.300727    0.937995    0.708225
          0           0           0           1
  -0.0138604    -0.988514      0.15049  1.38778e-17
    0.995785            0    0.0917133 -5.55112e-17
    -0.09066     0.151127     0.984348     0.707241
           0            0            0            1
  -0.0382949    -0.905093     0.423486            0
    0.995936            0    0.0900603 -5.55112e-17
  -0.0815129     0.425214     0.901415     0.711491
           0            0            0            1
   -0.110049    -0.951903     0.285953 -2.77556e-17
    0.933273            0     0.359169 -5.55112e-17
   -0.341894     0.306399     0.888385     0.707241
           0            0            0            1
  -0.0543688     -0.95371     0.295771 -5.55112e-17
    0.983521            0     0.180791            0
   -0.172423     0.300727     0.937995     0.708225
           0            0            0            1
 -0.0921725   -0.987872    0.124953 1.38778e-17
   0.804743           0    0.593623           0
  -0.586423    0.155271    0.794983    0.707241
          0           0           0           1
          0          -1           0           0
   0.638618           0    0.769524 5.55112e-17
  -0.769524           0    0.638618    0.711491
          0           0           0           1
   0.0921725    -0.987872    -0.124953 -1.38778e-17
    0.804743            0     0.593623            0
   -0.586423    -0.155271     0.794983     0.707241
           0            0            0            1
           0           -1            0            0
    0.752135            0     0.659009 -5.55112e-17
   -0.659009            0     0.752135     0.708225
           0            0            0            1
        0        -1         0         0
 0.983336         0  0.181796         0
-0.181796         0  0.983336  0.705387
        0         0         0         1
  -0.0691361    -0.987632     0.140726            0
    0.897535            0     0.440944 -5.55112e-17
    -0.43549     0.156791     0.886434     0.705387
           0            0            0            1
   0.0691361    -0.987632    -0.140726            0
    0.897535            0     0.440944 -5.55112e-17
    -0.43549    -0.156791     0.886434     0.705387
           0            0            0            1
        0        -1         0         0
 0.934172         0  0.356822         0
-0.356822         0  0.934172   0.70517
        0         0         0         1
  -0.0382949    -0.905093    -0.423486            0
    0.995936            0   -0.0900603 -5.55112e-17
   0.0815129    -0.425214     0.901415     0.711491
           0            0            0            1
   -0.110049    -0.951903    -0.285953  2.77556e-17
    0.933273            0    -0.359169 -5.55112e-17
    0.341894    -0.306399     0.888385     0.707241
           0            0            0            1
  -0.0138604    -0.988514     -0.15049 -1.38778e-17
    0.995785            0   -0.0917133 -5.55112e-17
     0.09066    -0.151127     0.984348     0.707241
           0            0            0            1
 -0.0543688    -0.95371   -0.295771 5.55112e-17
   0.983521           0   -0.180791           0
   0.172423   -0.300727    0.937995    0.708225
          0           0           0           1
  -0.0921725    -0.987872    -0.124953 -1.38778e-17
    0.804743            0    -0.593623            0
    0.586423    -0.155271     0.794983     0.707241
           0            0            0            1
           0           -1            0            0
    0.638618            0    -0.769524 -5.55112e-17
    0.769524            0     0.638618     0.711491
           0            0            0            1
  0.0921725   -0.987872    0.124953 1.38778e-17
   0.804743           0   -0.593623           0
   0.586423    0.155271    0.794983    0.707241
          0           0           0           1
           0           -1            0            0
    0.752135            0    -0.659009 -5.55112e-17
    0.659009            0     0.752135     0.708225
           0            0            0            1
    0.110049    -0.951903     0.285953 -2.77556e-17
    0.933273            0    -0.359169 -5.55112e-17
    0.341894     0.306399     0.888385     0.707241
           0            0            0            1
   0.0382949    -0.905093     0.423486            0
    0.995936            0   -0.0900603 -5.55112e-17
   0.0815129     0.425214     0.901415     0.711491
           0            0            0            1
   0.0138604    -0.988514      0.15049  1.38778e-17
    0.995785            0   -0.0917133 -5.55112e-17
     0.09066     0.151127     0.984348     0.707241
           0            0            0            1
   0.0543688     -0.95371     0.295771 -5.55112e-17
    0.983521            0    -0.180791            0
    0.172423     0.300727     0.937995     0.708225
           0            0            0            1
  -0.0691361    -0.987632    -0.140726            0
    0.897535            0    -0.440944 -5.55112e-17
     0.43549    -0.156791     0.886434     0.705387
           0            0            0            1
   0.0691361    -0.987632     0.140726            0
    0.897535            0    -0.440944 -5.55112e-17
     0.43549     0.156791     0.886434     0.705387
           0            0            0            1
        0        -1         0         0
 0.983336         0 -0.181796         0
 0.181796         0  0.983336  0.705387
        0         0         0         1
        0        -1         0         0
 0.934172         0 -0.356822         0
 0.356822         0  0.934172   0.70517
        0         0         0         1
           0    -0.769524    -0.638618 -5.55112e-17
          -1            0            0            0
           0     0.638618    -0.769524     0.711491
           0            0            0            1
-0.203481 -0.606631 -0.768501         0
-0.966688         0  0.255956         0
-0.155271  0.794983 -0.586423  0.707241
        0         0         0         1
 0.203481 -0.606631 -0.768501         0
-0.966688         0 -0.255956         0
 0.155271  0.794983 -0.586423  0.707241
        0         0         0         1
           0    -0.659009    -0.752135            0
          -1  5.55112e-17            0 -5.55112e-17
           0     0.752135    -0.659009     0.708225
           0            0            0            1
-0.592901 -0.459099 -0.661587         0
-0.744707         0  0.667392         0
-0.306399  0.888385 -0.341894  0.707241
        0         0         0         1
   -0.885295    -0.432957     -0.16971 -1.73472e-17
    -0.18827            0     0.982117 -5.55112e-17
   -0.425214     0.901415   -0.0815129     0.711491
           0            0            0            1
   -0.844112    -0.176235    -0.506375 -6.93889e-18
   -0.514427            0     0.857534 -5.55112e-17
   -0.151127     0.984348     -0.09066     0.707241
           0            0            0            1
  -0.813732    -0.34665   -0.466555           0
  -0.497397 5.55112e-17    0.867523           0
  -0.300727    0.937995   -0.172423    0.708225
          0           0           0           1
    0.844112    -0.176235    -0.506375 -6.93889e-18
   -0.514427            0    -0.857534 -5.55112e-17
    0.151127     0.984348     -0.09066     0.707241
           0            0            0            1
    0.885295    -0.432957     -0.16971 -1.73472e-17
    -0.18827            0    -0.982117 -5.55112e-17
    0.425214     0.901415   -0.0815129     0.711491
           0            0            0            1
    0.592901    -0.459099    -0.661587            0
   -0.744707            0    -0.667392 -1.11022e-16
    0.306399     0.888385    -0.341894     0.707241
           0            0            0            1
   0.813732    -0.34665   -0.466555           0
  -0.497397 5.55112e-17   -0.867523           0
   0.300727    0.937995   -0.172423    0.708225
          0           0           0           1
   -0.300278    -0.462855    -0.834025            0
   -0.940877            0     0.338748 -5.55112e-17
   -0.156791     0.886434     -0.43549     0.705387
           0            0            0            1
        0 -0.181796 -0.983336         0
       -1         0         0         0
        0  0.983336 -0.181796  0.705387
        0         0         0         1
    0.300278    -0.462855    -0.834025            0
   -0.940877            0    -0.338748 -5.55112e-17
    0.156791     0.886434     -0.43549     0.705387
           0            0            0            1
           0    -0.356822    -0.934172 -2.77556e-17
          -1            0 -2.77556e-17            0
           0     0.934172    -0.356822      0.70517
           0            0            0            1
           0    -0.769524     0.638618 -5.55112e-17
           1            0            0            0
           0     0.638618     0.769524     0.711491
           0            0            0            1
 0.203481 -0.606631  0.768501         0
 0.966688         0 -0.255956         0
 0.155271  0.794983  0.586423  0.707241
        0         0         0         1
-0.203481 -0.606631  0.768501         0
 0.966688         0  0.255956         0
-0.155271  0.794983  0.586423  0.707241
        0         0         0         1
           0    -0.659009     0.752135            0
           1  5.55112e-17            0 -5.55112e-17
           0     0.752135     0.659009     0.708225
           0            0            0            1
 0.592901 -0.459099  0.661587         0
 0.744707         0 -0.667392         0
 0.306399  0.888385  0.341894  0.707241
        0         0         0         1
    0.885295    -0.432957      0.16971 -1.73472e-17
     0.18827            0    -0.982117 -5.55112e-17
    0.425214     0.901415    0.0815129     0.711491
           0            0            0            1
    0.844112    -0.176235     0.506375 -6.93889e-18
    0.514427            0    -0.857534 -5.55112e-17
    0.151127     0.984348      0.09066     0.707241
           0            0            0            1
   0.813732    -0.34665    0.466555           0
   0.497397 5.55112e-17   -0.867523           0
   0.300727    0.937995    0.172423    0.708225
          0           0           0           1
   -0.844112    -0.176235     0.506375 -6.93889e-18
    0.514427            0     0.857534 -5.55112e-17
   -0.151127     0.984348      0.09066     0.707241
           0            0            0            1
   -0.885295    -0.432957      0.16971 -1.73472e-17
     0.18827            0     0.982117 -5.55112e-17
   -0.425214     0.901415    0.0815129     0.711491
           0            0            0            1
   -0.592901    -0.459099     0.661587            0
    0.744707            0     0.667392 -1.11022e-16
   -0.306399     0.888385     0.341894     0.707241
           0            0            0            1
  -0.813732    -0.34665    0.466555           0
   0.497397 5.55112e-17    0.867523           0
  -0.300727    0.937995    0.172423    0.708225
          0           0           0           1
    0.300278    -0.462855     0.834025            0
    0.940877            0    -0.338748 -5.55112e-17
    0.156791     0.886434      0.43549     0.705387
           0            0            0            1
        0 -0.181796  0.983336         0
        1         0         0         0
        0  0.983336  0.181796  0.705387
        0         0         0         1
   -0.300278    -0.462855     0.834025            0
    0.940877            0     0.338748 -5.55112e-17
   -0.156791     0.886434      0.43549     0.705387
           0            0            0            1
           0    -0.356822     0.934172 -2.77556e-17
           1            0  2.77556e-17            0
           0     0.934172     0.356822      0.70517
           0            0            0            1
   -0.769524    -0.638618            0 -5.55112e-17
           0            0           -1            0
    0.638618    -0.769524            0     0.711491
           0            0            0            1
   -0.575548    -0.810005     0.112412 -1.56125e-17
   -0.191692  5.55112e-17    -0.981455            0
    0.794983    -0.586423    -0.155271     0.707241
           0            0            0            1
   -0.575548    -0.810005    -0.112412 -1.56125e-17
    0.191692  5.55112e-17    -0.981455            0
    0.794983    -0.586423     0.155271     0.707241
           0            0            0            1
   -0.659009    -0.752135            0            0
 5.55112e-17            0           -1 -5.55112e-17
    0.752135    -0.659009            0     0.708225
           0            0            0            1
   -0.323211    -0.939739     0.111473 -2.77556e-17
   -0.326047 -2.77556e-17    -0.945354 -5.55112e-17
    0.888385    -0.341894    -0.306399     0.707241
           0            0            0            1
  -0.0737222    -0.996672    0.0347762 -1.56125e-17
   -0.426634  6.93889e-18    -0.904424 -1.11022e-16
    0.901415   -0.0815129    -0.425214     0.711491
           0            0            0            1
    -0.08961    -0.995882    0.0137579 -4.77049e-18
   -0.151752            0    -0.988419 -5.55112e-17
    0.984348     -0.09066    -0.151127     0.707241
           0            0            0            1
   -0.164191    -0.985023    0.0526405 -8.67362e-18
   -0.305299            0    -0.952256            0
    0.937995    -0.172423    -0.300727     0.708225
           0            0            0            1
    -0.08961    -0.995882   -0.0137579 -4.77049e-18
    0.151752            0    -0.988419 -5.55112e-17
    0.984348     -0.09066     0.151127     0.707241
           0            0            0            1
  -0.0737222    -0.996672   -0.0347762 -1.56125e-17
    0.426634  6.93889e-18    -0.904424            0
    0.901415   -0.0815129     0.425214     0.711491
           0            0            0            1
   -0.323211    -0.939739    -0.111473 -2.77556e-17
    0.326047 -2.77556e-17    -0.945354 -5.55112e-17
    0.888385    -0.341894     0.306399     0.707241
           0            0            0            1
   -0.164191    -0.985023   -0.0526405 -8.67362e-18
    0.305299            0    -0.952256            0
    0.937995    -0.172423     0.300727     0.708225
           0            0            0            1
   -0.428833    -0.900194    0.0758515  8.67362e-18
   -0.174175 -2.77556e-17    -0.984715 -5.55112e-17
    0.886434     -0.43549    -0.156791     0.705387
           0            0            0            1
-0.181796 -0.983336         0         0
        0         0        -1         0
 0.983336 -0.181796         0  0.705387
        0         0         0         1
   -0.428833    -0.900194   -0.0758515  8.67362e-18
    0.174175 -2.77556e-17    -0.984715 -5.55112e-17
    0.886434     -0.43549     0.156791     0.705387
           0            0            0            1
   -0.356822    -0.934172            0 -2.77556e-17
           0 -2.77556e-17           -1            0
    0.934172    -0.356822            0      0.70517
           0            0            0            1
   0.769524   -0.638618           0 5.55112e-17
          0           0          -1           0
   0.638618    0.769524           0    0.711491
          0           0           0           1
    0.575548    -0.810005     0.112412  1.56125e-17
    0.191692 -5.55112e-17    -0.981455            0
    0.794983     0.586423     0.155271     0.707241
           0            0            0            1
    0.575548    -0.810005    -0.112412  1.56125e-17
   -0.191692 -5.55112e-17    -0.981455            0
    0.794983     0.586423    -0.155271     0.707241
           0            0            0            1
    0.659009    -0.752135            0            0
 5.55112e-17            0           -1 -5.55112e-17
    0.752135     0.659009            0     0.708225
           0            0            0            1
    0.323211    -0.939739     0.111473  2.77556e-17
    0.326047  2.77556e-17    -0.945354 -5.55112e-17
    0.888385     0.341894     0.306399     0.707241
           0            0            0            1
   0.0737222    -0.996672    0.0347762  1.56125e-17
    0.426634 -6.93889e-18    -0.904424            0
    0.901415    0.0815129     0.425214     0.711491
           0            0            0            1
     0.08961    -0.995882    0.0137579  4.77049e-18
    0.151752            0    -0.988419 -5.55112e-17
    0.984348      0.09066     0.151127     0.707241
           0            0            0            1
   0.164191   -0.985023   0.0526405 8.67362e-18
   0.305299           0   -0.952256           0
   0.937995    0.172423    0.300727    0.708225
          0           0           0           1
     0.08961    -0.995882   -0.0137579  4.77049e-18
   -0.151752            0    -0.988419 -5.55112e-17
    0.984348      0.09066    -0.151127     0.707241
           0            0            0            1
   0.0737222    -0.996672   -0.0347762  1.56125e-17
   -0.426634 -6.93889e-18    -0.904424 -1.11022e-16
    0.901415    0.0815129    -0.425214     0.711491
           0            0            0            1
    0.323211    -0.939739    -0.111473  2.77556e-17
   -0.326047  2.77556e-17    -0.945354 -5.55112e-17
    0.888385     0.341894    -0.306399     0.707241
           0            0            0            1
   0.164191   -0.985023  -0.0526405 8.67362e-18
  -0.305299           0   -0.952256           0
   0.937995    0.172423   -0.300727    0.708225
          0           0           0           1
    0.428833    -0.900194    0.0758515 -8.67362e-18
    0.174175  2.77556e-17    -0.984715 -5.55112e-17
    0.886434      0.43549     0.156791     0.705387
           0            0            0            1
 0.181796 -0.983336         0         0
        0         0        -1         0
 0.983336  0.181796         0  0.705387
        0         0         0         1
    0.428833    -0.900194   -0.0758515 -8.67362e-18
   -0.174175  2.77556e-17    -0.984715 -5.55112e-17
    0.886434      0.43549    -0.156791     0.705387
           0            0            0            1
   0.356822   -0.934172           0 2.77556e-17
          0 2.77556e-17          -1           0
   0.934172    0.356822           0     0.70517
          0           0           0           1
    0.769524    -0.638618            0 -5.55112e-17
           0            0            1            0
   -0.638618    -0.769524            0     0.711491
           0            0            0            1
    0.575548    -0.810005    -0.112412 -1.56125e-17
    0.191692  5.55112e-17     0.981455            0
   -0.794983    -0.586423     0.155271     0.707241
           0            0            0            1
    0.575548    -0.810005     0.112412 -1.56125e-17
   -0.191692  5.55112e-17     0.981455            0
   -0.794983    -0.586423    -0.155271     0.707241
           0            0            0            1
    0.659009    -0.752135            0            0
-5.55112e-17            0            1 -5.55112e-17
   -0.752135    -0.659009            0     0.708225
           0            0            0            1
    0.323211    -0.939739    -0.111473 -2.77556e-17
    0.326047 -2.77556e-17     0.945354 -5.55112e-17
   -0.888385    -0.341894     0.306399     0.707241
           0            0            0            1
   0.0737222    -0.996672   -0.0347762 -1.56125e-17
    0.426634  6.93889e-18     0.904424 -1.11022e-16
   -0.901415   -0.0815129     0.425214     0.711491
           0            0            0            1
     0.08961    -0.995882   -0.0137579 -4.77049e-18
    0.151752            0     0.988419 -5.55112e-17
   -0.984348     -0.09066     0.151127     0.707241
           0            0            0            1
    0.164191    -0.985023   -0.0526405 -8.67362e-18
    0.305299            0     0.952256            0
   -0.937995    -0.172423     0.300727     0.708225
           0            0            0            1
     0.08961    -0.995882    0.0137579 -4.77049e-18
   -0.151752            0     0.988419 -5.55112e-17
   -0.984348     -0.09066    -0.151127     0.707241
           0            0            0            1
   0.0737222    -0.996672    0.0347762 -1.56125e-17
   -0.426634  6.93889e-18     0.904424            0
   -0.901415   -0.0815129    -0.425214     0.711491
           0            0            0            1
    0.323211    -0.939739     0.111473 -2.77556e-17
   -0.326047 -2.77556e-17     0.945354 -5.55112e-17
   -0.888385    -0.341894    -0.306399     0.707241
           0            0            0            1
    0.164191    -0.985023    0.0526405 -8.67362e-18
   -0.305299            0     0.952256            0
   -0.937995    -0.172423    -0.300727     0.708225
           0            0            0            1
    0.428833    -0.900194   -0.0758515  8.67362e-18
    0.174175 -2.77556e-17     0.984715 -5.55112e-17
   -0.886434     -0.43549     0.156791     0.705387
           0            0            0            1
 0.181796 -0.983336         0         0
        0         0         1         0
-0.983336 -0.181796         0  0.705387
        0         0         0         1
    0.428833    -0.900194    0.0758515  8.67362e-18
   -0.174175 -2.77556e-17     0.984715 -5.55112e-17
   -0.886434     -0.43549    -0.156791     0.705387
           0            0            0            1
    0.356822    -0.934172            0 -2.77556e-17
           0 -2.77556e-17            1            0
   -0.934172    -0.356822            0      0.70517
           0            0            0            1
  -0.769524   -0.638618           0 5.55112e-17
          0           0           1           0
  -0.638618    0.769524           0    0.711491
          0           0           0           1
   -0.575548    -0.810005    -0.112412  1.56125e-17
   -0.191692 -5.55112e-17     0.981455            0
   -0.794983     0.586423    -0.155271     0.707241
           0            0            0            1
   -0.575548    -0.810005     0.112412  1.56125e-17
    0.191692 -5.55112e-17     0.981455            0
   -0.794983     0.586423     0.155271     0.707241
           0            0            0            1
   -0.659009    -0.752135            0            0
-5.55112e-17            0            1 -5.55112e-17
   -0.752135     0.659009            0     0.708225
           0            0            0            1
   -0.323211    -0.939739    -0.111473  2.77556e-17
   -0.326047  2.77556e-17     0.945354 -5.55112e-17
   -0.888385     0.341894    -0.306399     0.707241
           0            0            0            1
  -0.0737222    -0.996672   -0.0347762  1.56125e-17
   -0.426634 -6.93889e-18     0.904424            0
   -0.901415    0.0815129    -0.425214     0.711491
           0            0            0            1
    -0.08961    -0.995882   -0.0137579  4.77049e-18
   -0.151752            0     0.988419 -5.55112e-17
   -0.984348      0.09066    -0.151127     0.707241
           0            0            0            1
  -0.164191   -0.985023  -0.0526405 8.67362e-18
  -0.305299           0    0.952256           0
  -0.937995    0.172423   -0.300727    0.708225
          0           0           0           1
    -0.08961    -0.995882    0.0137579  4.77049e-18
    0.151752            0     0.988419 -5.55112e-17
   -0.984348      0.09066     0.151127     0.707241
           0            0            0            1
  -0.0737222    -0.996672    0.0347762  1.56125e-17
    0.426634 -6.93889e-18     0.904424 -1.11022e-16
   -0.901415    0.0815129     0.425214     0.711491
           0            0            0            1
   -0.323211    -0.939739     0.111473  2.77556e-17
    0.326047  2.77556e-17     0.945354 -5.55112e-17
   -0.888385     0.341894     0.306399     0.707241
           0            0            0            1
  -0.164191   -0.985023   0.0526405 8.67362e-18
   0.305299           0    0.952256           0
  -0.937995    0.172423    0.300727    0.708225
          0           0           0           1
   -0.428833    -0.900194   -0.0758515 -8.67362e-18
   -0.174175  2.77556e-17     0.984715 -5.55112e-17
   -0.886434      0.43549    -0.156791     0.705387
           0            0            0            1
-0.181796 -0.983336         0         0
        0         0         1         0
-0.983336  0.181796         0  0.705387
        0         0         0         1
   -0.428833    -0.900194    0.0758515 -8.67362e-18
    0.174175  2.77556e-17     0.984715 -5.55112e-17
   -0.886434      0.43549     0.156791     0.705387
           0            0            0            1
  -0.356822   -0.934172           0 2.77556e-17
          0 2.77556e-17           1           0
  -0.934172    0.356822           0     0.70517
          0           0           0           1
 -0.0884793   -0.830442    0.550034           0
  -0.987308           0    -0.15882 5.55112e-17
   0.131891   -0.557105   -0.819902    0.711491
          0           0           0           1
   -0.202246    -0.891465     0.405446 -5.55112e-17
   -0.894848            0    -0.446372 -5.55112e-17
    0.397925    -0.453089    -0.797725     0.707241
           0            0            0            1
  -0.299599   -0.709879    0.637426           0
  -0.905019 5.55112e-17   -0.425371           0
   0.301962   -0.704323   -0.642454    0.707241
          0           0           0           1
   -0.198487    -0.814821     0.544674  5.55112e-17
   -0.939558            0    -0.342389 -5.55112e-17
    0.278986    -0.579713    -0.765572     0.708225
           0            0            0            1
   -0.203496     -0.95332     0.223093 -1.38778e-17
   -0.738811            0    -0.673912 -5.55112e-17
    0.642454    -0.301962    -0.704323     0.707241
           0            0            0            1
    -0.10909    -0.991264    0.0741244  1.38778e-17
   -0.562015 -1.38778e-17    -0.827127  5.55112e-17
    0.819902    -0.131891    -0.557105     0.711491
           0            0            0            1
   -0.346009    -0.917418     0.196525  2.77556e-17
   -0.493875            0    -0.869533 -1.11022e-16
    0.797725    -0.397925    -0.453089     0.707241
           0            0            0            1
   -0.222414    -0.960295     0.168418  4.16334e-17
   -0.603682 -2.77556e-17    -0.797226 -5.55112e-17
    0.765572    -0.278986    -0.579713     0.708225
           0            0            0            1
-0.590475 -0.766324  0.253152 6.245e-17
 -0.39404         0 -0.919093         0
 0.704323 -0.642454 -0.301962  0.707241
        0         0         0         1
