           0    -0.815853    -0.578259 -5.55112e-17
           1            0 -5.55112e-17 -5.55112e-17
           0    -0.578259     0.815853     0.708562
           0            0            0            1
    0.063892    -0.749351    -0.659083 -5.55112e-17
    0.995334            0    0.0964883            0
  -0.0723036    -0.662173     0.745855     0.706799
           0            0            0            1
   -0.063892    -0.749351    -0.659083 -5.55112e-17
    0.995334            0   -0.0964883            0
   0.0723036    -0.662173     0.745855     0.706799
           0            0            0            1
           0    -0.772133     -0.63546            0
           1            0 -5.55112e-17            0
           0     -0.63546     0.772133     0.707614
           0            0            0            1
   0.167617   -0.672478   -0.720887 5.55112e-17
   0.974017           0    0.226473           0
  -0.152298   -0.740117    0.655006    0.704206
          0           0           0           1
   0.316103   -0.593087    -0.74049 5.55112e-17
   0.919706           0    0.392607 5.55112e-17
   -0.23285   -0.805138    0.545466    0.702581
          0           0           0           1
   0.115956   -0.559681   -0.820556 5.55112e-17
   0.990162           0    0.139924           0
 -0.0783127   -0.828708    0.554175    0.702377
          0           0           0           1
 0.203105 -0.607375 -0.768013         0
 0.966765         0  0.255666         0
-0.155285 -0.794415  0.587189  0.702924
        0         0         0         1
  -0.115956   -0.559681   -0.820556 5.55112e-17
   0.990162           0   -0.139924           0
  0.0783127   -0.828708    0.554175    0.702377
          0           0           0           1
  -0.316103   -0.593087    -0.74049 5.55112e-17
   0.919706           0   -0.392607 5.55112e-17
    0.23285   -0.805138    0.545466    0.702581
          0           0           0           1
  -0.167617   -0.672478   -0.720887 5.55112e-17
   0.974017           0   -0.226473           0
   0.152298   -0.740117    0.655006    0.704206
          0           0           0           1
-0.203105 -0.607375 -0.768013         0
 0.966765         0 -0.255666         0
 0.155285 -0.794415  0.587189  0.702924
        0         0         0         1
   0.078309   -0.693114   -0.716562           0
   0.994081           0    0.108638 5.55112e-17
 -0.0752983   -0.720828    0.689012    0.705209
          0           0           0           1
          0   -0.591392   -0.806385           0
          1           0           0 5.55112e-17
          0   -0.806385    0.591392    0.702885
          0           0           0           1
  -0.078309   -0.693114   -0.716562           0
   0.994081           0   -0.108638 5.55112e-17
  0.0752983   -0.720828    0.689012    0.705209
          0           0           0           1
           0    -0.658369    -0.752696            0
           1            0 -5.55112e-17            0
           0    -0.752696     0.658369     0.704512
           0            0            0            1
    0.503042      -0.5233    -0.687827 -5.55112e-17
    0.807168            0     0.590322            0
   -0.308915    -0.852149     0.422391     0.702581
           0            0            0            1
   0.696352    -0.47644   -0.536749 2.77556e-17
   0.610492 5.55112e-17    0.792023           0
  -0.377351   -0.879207    0.290863    0.704206
          0           0           0           1
   0.556398   -0.384016   -0.736854           0
   0.798042 5.55112e-17    0.602601           0
  -0.231408   -0.923326    0.306461    0.702377
          0           0           0           1
   0.594196   -0.459255   -0.660315 5.55112e-17
   0.743343 5.55112e-17    0.668911           0
  -0.307201   -0.888304    0.341384    0.702924
          0           0           0           1
   0.832353   -0.463124   -0.304473 2.77556e-17
   0.343535 5.55112e-17     0.93914 5.55112e-17
  -0.434938   -0.886293      0.1591    0.706799
          0           0           0           1
     0.87317    -0.482769   -0.0671491  2.23346e-17
   0.0766762 -5.55112e-17     0.997056  5.55112e-17
   -0.481347    -0.875748    0.0370169     0.708562
           0            0            0            1
   0.924766   -0.365071   -0.107386 3.98986e-17
   0.115347 5.55112e-17    0.993325           0
  -0.362635    -0.93098   0.0421098    0.706799
          0           0           0           1
   0.885185   -0.435549   -0.163536 3.29597e-17
   0.181674 1.11022e-16    0.983359           0
  -0.428301   -0.900165   0.0791278    0.707614
          0           0           0           1
    0.954895    -0.229398    -0.188552 -8.67362e-18
    0.193718            0     0.981057            0
   -0.225053    -0.973333    0.0444385     0.704206
           0            0            0            1
    0.854154   -0.0887019    -0.512399 -3.46945e-18
    0.514427 -5.55112e-17     0.857534            0
  -0.0760649    -0.996058    0.0456306     0.702581
           0            0            0            1
    0.630077     -0.23611    -0.739767 -1.38778e-17
    0.761292  5.55112e-17      0.64841  5.55112e-17
   -0.153096    -0.971726     0.179748     0.702377
           0            0            0            1
   0.846511   -0.176639   -0.502213 6.93889e-18
   0.510237           0    0.860034 5.55112e-17
  -0.151916   -0.984276   0.0901279    0.702924
          0           0           0           1
   0.789172   -0.426687   -0.441754 5.55112e-17
    0.48845 1.11022e-16    0.872592           0
  -0.372323     -0.9044    0.208415    0.705209
          0           0           0           1
    0.912942    -0.309386    -0.266114  -3.1225e-17
    0.279844  5.55112e-17     0.960045 -5.55112e-17
   -0.297025    -0.950936      0.08658     0.705209
           0            0            0            1
    0.683403    -0.318048     -0.65712 -2.77556e-17
     0.69311            0     0.720832            0
   -0.229259    -0.948075     0.220442     0.702885
           0            0            0            1
   0.812823   -0.346289   -0.468404 4.16334e-17
   0.499296           0    0.866431           0
  -0.300036   -0.938128    0.172901    0.704512
          0           0           0           1
   -0.854154   -0.0887019    -0.512399 -3.46945e-18
    0.514427 -5.55112e-17    -0.857534            0
   0.0760649    -0.996058    0.0456306     0.702581
           0            0            0            1
   -0.954895    -0.229398    -0.188552 -8.67362e-18
    0.193718            0    -0.981057            0
    0.225053    -0.973333    0.0444385     0.704206
           0            0            0            1
   -0.630077     -0.23611    -0.739767 -1.38778e-17
    0.761292  5.55112e-17     -0.64841  5.55112e-17
    0.153096    -0.971726     0.179748     0.702377
           0            0            0            1
  -0.846511   -0.176639   -0.502213 6.93889e-18
   0.510237           0   -0.860034 5.55112e-17
   0.151916   -0.984276   0.0901279    0.702924
          0           0           0           1
  -0.924766   -0.365071   -0.107386 3.98986e-17
   0.115347 5.55112e-17   -0.993325           0
   0.362635    -0.93098   0.0421098    0.706799
          0           0           0           1
    -0.87317    -0.482769   -0.0671491  2.23346e-17
   0.0766762 -5.55112e-17    -0.997056  5.55112e-17
    0.481347    -0.875748    0.0370169     0.708562
           0            0            0            1
  -0.832353   -0.463124   -0.304473 2.77556e-17
   0.343535 5.55112e-17    -0.93914 5.55112e-17
   0.434938   -0.886293      0.1591    0.706799
          0           0           0           1
  -0.885185   -0.435549   -0.163536 3.29597e-17
   0.181674 1.11022e-16   -0.983359           0
   0.428301   -0.900165   0.0791278    0.707614
          0           0           0           1
  -0.696352    -0.47644   -0.536749 2.77556e-17
   0.610492 5.55112e-17   -0.792023           0
   0.377351   -0.879207    0.290863    0.704206
          0           0           0           1
   -0.503042      -0.5233    -0.687827 -5.55112e-17
    0.807168            0    -0.590322            0
    0.308915    -0.852149     0.422391     0.702581
           0            0            0            1
  -0.556398   -0.384016   -0.736854           0
   0.798042 5.55112e-17   -0.602601           0
   0.231408   -0.923326    0.306461    0.702377
          0           0           0           1
  -0.594196   -0.459255   -0.660315 5.55112e-17
   0.743343 5.55112e-17   -0.668911           0
   0.307201   -0.888304    0.341384    0.702924
          0           0           0           1
   -0.912942    -0.309386    -0.266114  -3.1225e-17
    0.279844  5.55112e-17    -0.960045 -5.55112e-17
    0.297025    -0.950936      0.08658     0.705209
           0            0            0            1
  -0.789172   -0.426687   -0.441754 5.55112e-17
    0.48845 1.11022e-16   -0.872592           0
   0.372323     -0.9044    0.208415    0.705209
          0           0           0           1
   -0.683403    -0.318048     -0.65712 -2.77556e-17
     0.69311            0    -0.720832            0
    0.229259    -0.948075     0.220442     0.702885
           0            0            0            1
  -0.812823   -0.346289   -0.468404 4.16334e-17
   0.499296           0   -0.866431           0
   0.300036   -0.938128    0.172901    0.704512
          0           0           0           1
   0.379412   -0.524683   -0.762072 5.55112e-17
   0.895189 5.55112e-17    0.445687 5.55112e-17
  -0.233844   -0.851298    0.469691     0.70211
          0           0           0           1
    0.372539    -0.386126    -0.843873 -5.55112e-17
    0.914821            0      0.40386            0
   -0.155941    -0.922446     0.353236     0.701475
           0            0            0            1
    0.142024    -0.484657    -0.863097 -5.55112e-17
     0.98673  5.55112e-17     0.162369            0
  -0.0786931    -0.874704     0.478226     0.701475
           0            0            0            1
   0.300153   -0.462779   -0.834113 5.55112e-17
   0.940933           0    0.338592 5.55112e-17
  -0.156693   -0.886474    0.435445    0.701613
          0           0           0           1
   0.314193    -0.23875   -0.918848 2.77556e-17
   0.946211 5.55112e-17     0.32355           0
 -0.0772477   -0.971081    0.225908    0.701475
          0           0           0           1
           0   -0.0913224    -0.995821            0
           1            0 -6.93889e-18            0
           0    -0.995821    0.0913224      0.70211
           0            0            0            1
  -0.314193    -0.23875   -0.918848 2.77556e-17
   0.946211 5.55112e-17    -0.32355           0
  0.0772477   -0.971081    0.225908    0.701475
          0           0           0           1
           0     -0.18191    -0.983315            0
           1  5.55112e-17 -1.38778e-17            0
           0    -0.983315      0.18191     0.701613
           0            0            0            1
   -0.372539    -0.386126    -0.843873 -5.55112e-17
    0.914821            0     -0.40386            0
    0.155941    -0.922446     0.353236     0.701475
           0            0            0            1
  -0.379412   -0.524683   -0.762072 5.55112e-17
   0.895189 5.55112e-17   -0.445687 5.55112e-17
   0.233844   -0.851298    0.469691     0.70211
          0           0           0           1
   -0.142024    -0.484657    -0.863097 -5.55112e-17
     0.98673  5.55112e-17    -0.162369            0
   0.0786931    -0.874704     0.478226     0.701475
           0            0            0            1
  -0.300153   -0.462779   -0.834113 5.55112e-17
   0.940933           0   -0.338592 5.55112e-17
   0.156693   -0.886474    0.435445    0.701613
          0           0           0           1
  0.228471  -0.322884  -0.918448          0
  0.970425          0   0.241401          0
-0.0779445  -0.946438   0.313335   0.701162
         0          0          0          1
-0.228471 -0.322884 -0.918448         0
 0.970425         0 -0.241401         0
0.0779445 -0.946438  0.313335  0.701162
        0         0         0         1
           0    -0.439452    -0.898266 -5.55112e-17
           1            0 -5.55112e-17  5.55112e-17
           0    -0.898266     0.439452     0.701162
           0            0            0            1
          0   -0.356822   -0.934172           0
          1           0           0 5.55112e-17
          0   -0.934172    0.356822     0.70088
          0           0           0           1
           0    -0.815853     0.578259 -5.55112e-17
          -1            0  5.55112e-17 -5.55112e-17
           0    -0.578259    -0.815853     0.708562
           0            0            0            1
   -0.063892    -0.749351     0.659083 -5.55112e-17
   -0.995334            0   -0.0964883            0
   0.0723036    -0.662173    -0.745855     0.706799
           0            0            0            1
    0.063892    -0.749351     0.659083 -5.55112e-17
   -0.995334            0    0.0964883            0
  -0.0723036    -0.662173    -0.745855     0.706799
           0            0            0            1
          0   -0.772133     0.63546           0
         -1           0 5.55112e-17           0
          0    -0.63546   -0.772133    0.707614
          0           0           0           1
  -0.167617   -0.672478    0.720887 5.55112e-17
  -0.974017           0   -0.226473           0
   0.152298   -0.740117   -0.655006    0.704206
          0           0           0           1
  -0.316103   -0.593087     0.74049 5.55112e-17
  -0.919706           0   -0.392607 5.55112e-17
    0.23285   -0.805138   -0.545466    0.702581
          0           0           0           1
  -0.115956   -0.559681    0.820556 5.55112e-17
  -0.990162           0   -0.139924           0
  0.0783127   -0.828708   -0.554175    0.702377
          0           0           0           1
-0.203105 -0.607375  0.768013         0
-0.966765         0 -0.255666         0
 0.155285 -0.794415 -0.587189  0.702924
        0         0         0         1
   0.115956   -0.559681    0.820556 5.55112e-17
  -0.990162           0    0.139924           0
 -0.0783127   -0.828708   -0.554175    0.702377
          0           0           0           1
   0.316103   -0.593087     0.74049 5.55112e-17
  -0.919706           0    0.392607 5.55112e-17
   -0.23285   -0.805138   -0.545466    0.702581
          0           0           0           1
   0.167617   -0.672478    0.720887 5.55112e-17
  -0.974017           0    0.226473           0
  -0.152298   -0.740117   -0.655006    0.704206
          0           0           0           1
 0.203105 -0.607375  0.768013         0
-0.966765         0  0.255666         0
-0.155285 -0.794415 -0.587189  0.702924
        0         0         0         1
  -0.078309   -0.693114    0.716562           0
  -0.994081           0   -0.108638 5.55112e-17
  0.0752983   -0.720828   -0.689012    0.705209
          0           0           0           1
          0   -0.591392    0.806385           0
         -1           0           0 5.55112e-17
          0   -0.806385   -0.591392    0.702885
          0           0           0           1
   0.078309   -0.693114    0.716562           0
  -0.994081           0    0.108638 5.55112e-17
 -0.0752983   -0.720828   -0.689012    0.705209
          0           0           0           1
          0   -0.658369    0.752696           0
         -1           0 5.55112e-17           0
          0   -0.752696   -0.658369    0.704512
          0           0           0           1
   -0.503042      -0.5233     0.687827 -5.55112e-17
   -0.807168            0    -0.590322            0
    0.308915    -0.852149    -0.422391     0.702581
           0            0            0            1
  -0.696352    -0.47644    0.536749 2.77556e-17
  -0.610492 5.55112e-17   -0.792023           0
   0.377351   -0.879207   -0.290863    0.704206
          0           0           0           1
  -0.556398   -0.384016    0.736854           0
  -0.798042 5.55112e-17   -0.602601           0
   0.231408   -0.923326   -0.306461    0.702377
          0           0           0           1
  -0.594196   -0.459255    0.660315 5.55112e-17
  -0.743343 5.55112e-17   -0.668911           0
   0.307201   -0.888304   -0.341384    0.702924
          0           0           0           1
  -0.832353   -0.463124    0.304473 2.77556e-17
  -0.343535 5.55112e-17    -0.93914 5.55112e-17
   0.434938   -0.886293     -0.1591    0.706799
          0           0           0           1
    -0.87317    -0.482769    0.0671491  2.23346e-17
  -0.0766762 -5.55112e-17    -0.997056  5.55112e-17
    0.481347    -0.875748   -0.0370169     0.708562
           0            0            0            1
  -0.924766   -0.365071    0.107386 3.98986e-17
  -0.115347 5.55112e-17   -0.993325           0
   0.362635    -0.93098  -0.0421098    0.706799
          0           0           0           1
  -0.885185   -0.435549    0.163536 3.29597e-17
  -0.181674 1.11022e-16   -0.983359           0
   0.428301   -0.900165  -0.0791278    0.707614
          0           0           0           1
   -0.954895    -0.229398     0.188552 -8.67362e-18
   -0.193718            0    -0.981057            0
    0.225053    -0.973333   -0.0444385     0.704206
           0            0            0            1
   -0.854154   -0.0887019     0.512399 -3.46945e-18
   -0.514427 -5.55112e-17    -0.857534            0
   0.0760649    -0.996058   -0.0456306     0.702581
           0            0            0            1
   -0.630077     -0.23611     0.739767 -1.38778e-17
   -0.761292  5.55112e-17     -0.64841  5.55112e-17
    0.153096    -0.971726    -0.179748     0.702377
           0            0            0            1
  -0.846511   -0.176639    0.502213 6.93889e-18
  -0.510237           0   -0.860034 5.55112e-17
   0.151916   -0.984276  -0.0901279    0.702924
          0           0           0           1
  -0.789172   -0.426687    0.441754 5.55112e-17
   -0.48845 1.11022e-16   -0.872592           0
   0.372323     -0.9044   -0.208415    0.705209
          0           0           0           1
   -0.912942    -0.309386     0.266114  -3.1225e-17
   -0.279844  5.55112e-17    -0.960045 -5.55112e-17
    0.297025    -0.950936     -0.08658     0.705209
           0            0            0            1
   -0.683403    -0.318048      0.65712 -2.77556e-17
    -0.69311            0    -0.720832            0
    0.229259    -0.948075    -0.220442     0.702885
           0            0            0            1
  -0.812823   -0.346289    0.468404 4.16334e-17
  -0.499296           0   -0.866431           0
   0.300036   -0.938128   -0.172901    0.704512
          0           0           0           1
    0.854154   -0.0887019     0.512399 -3.46945e-18
   -0.514427 -5.55112e-17     0.857534            0
  -0.0760649    -0.996058   -0.0456306     0.702581
           0            0            0            1
    0.954895    -0.229398     0.188552 -8.67362e-18
   -0.193718            0     0.981057            0
   -0.225053    -0.973333   -0.0444385     0.704206
           0            0            0            1
    0.630077     -0.23611     0.739767 -1.38778e-17
   -0.761292  5.55112e-17      0.64841  5.55112e-17
   -0.153096    -0.971726    -0.179748     0.702377
           0            0            0            1
   0.846511   -0.176639    0.502213 6.93889e-18
  -0.510237           0    0.860034 5.55112e-17
  -0.151916   -0.984276  -0.0901279    0.702924
          0           0           0           1
   0.924766   -0.365071    0.107386 3.98986e-17
  -0.115347 5.55112e-17    0.993325           0
  -0.362635    -0.93098  -0.0421098    0.706799
          0           0           0           1
     0.87317    -0.482769    0.0671491  2.23346e-17
  -0.0766762 -5.55112e-17     0.997056  5.55112e-17
   -0.481347    -0.875748   -0.0370169     0.708562
           0            0            0            1
   0.832353   -0.463124    0.304473 2.77556e-17
  -0.343535 5.55112e-17     0.93914 5.55112e-17
  -0.434938   -0.886293     -0.1591    0.706799
          0           0           0           1
   0.885185   -0.435549    0.163536 3.29597e-17
  -0.181674 1.11022e-16    0.983359           0
  -0.428301   -0.900165  -0.0791278    0.707614
          0           0           0           1
   0.696352    -0.47644    0.536749 2.77556e-17
  -0.610492 5.55112e-17    0.792023           0
  -0.377351   -0.879207   -0.290863    0.704206
          0           0           0           1
    0.503042      -0.5233     0.687827 -5.55112e-17
   -0.807168            0     0.590322            0
   -0.308915    -0.852149    -0.422391     0.702581
           0            0            0            1
   0.556398   -0.384016    0.736854           0
  -0.798042 5.55112e-17    0.602601           0
  -0.231408   -0.923326   -0.306461    0.702377
          0           0           0           1
   0.594196   -0.459255    0.660315 5.55112e-17
  -0.743343 5.55112e-17    0.668911           0
  -0.307201   -0.888304   -0.341384    0.702924
          0           0           0           1
    0.912942    -0.309386     0.266114  -3.1225e-17
   -0.279844  5.55112e-17     0.960045 -5.55112e-17
   -0.297025    -0.950936     -0.08658     0.705209
           0            0            0            1
   0.789172   -0.426687    0.441754 5.55112e-17
   -0.48845 1.11022e-16    0.872592           0
  -0.372323     -0.9044   -0.208415    0.705209
          0           0           0           1
    0.683403    -0.318048      0.65712 -2.77556e-17
    -0.69311            0     0.720832            0
   -0.229259    -0.948075    -0.220442     0.702885
           0            0            0            1
   0.812823   -0.346289    0.468404 4.16334e-17
  -0.499296           0    0.866431           0
  -0.300036   -0.938128   -0.172901    0.704512
          0           0           0           1
  -0.379412   -0.524683    0.762072 5.55112e-17
  -0.895189 5.55112e-17   -0.445687 5.55112e-17
   0.233844   -0.851298   -0.469691     0.70211
          0           0           0           1
   -0.372539    -0.386126     0.843873 -5.55112e-17
   -0.914821            0     -0.40386            0
    0.155941    -0.922446    -0.353236     0.701475
           0            0            0            1
   -0.142024    -0.484657     0.863097 -5.55112e-17
    -0.98673  5.55112e-17    -0.162369            0
   0.0786931    -0.874704    -0.478226     0.701475
           0            0            0            1
  -0.300153   -0.462779    0.834113 5.55112e-17
  -0.940933           0   -0.338592 5.55112e-17
   0.156693   -0.886474   -0.435445    0.701613
          0           0           0           1
  -0.314193    -0.23875    0.918848 2.77556e-17
  -0.946211 5.55112e-17    -0.32355           0
  0.0772477   -0.971081   -0.225908    0.701475
          0           0           0           1
          0  -0.0913224    0.995821           0
         -1           0 6.93889e-18           0
          0   -0.995821  -0.0913224     0.70211
          0           0           0           1
   0.314193    -0.23875    0.918848 2.77556e-17
  -0.946211 5.55112e-17     0.32355           0
 -0.0772477   -0.971081   -0.225908    0.701475
          0           0           0           1
          0    -0.18191    0.983315           0
         -1 5.55112e-17 1.38778e-17           0
          0   -0.983315    -0.18191    0.701613
          0           0           0           1
    0.372539    -0.386126     0.843873 -5.55112e-17
   -0.914821            0      0.40386            0
   -0.155941    -0.922446    -0.353236     0.701475
           0            0            0            1
   0.379412   -0.524683    0.762072 5.55112e-17
  -0.895189 5.55112e-17    0.445687 5.55112e-17
  -0.233844   -0.851298   -0.469691     0.70211
          0           0           0           1
    0.142024    -0.484657     0.863097 -5.55112e-17
    -0.98673  5.55112e-17     0.162369            0
  -0.0786931    -0.874704    -0.478226     0.701475
           0            0            0            1
   0.300153   -0.462779    0.834113 5.55112e-17
  -0.940933           0    0.338592 5.55112e-17
  -0.156693   -0.886474   -0.435445    0.701613
          0           0           0           1
-0.228471 -0.322884  0.918448         0
-0.970425         0 -0.241401         0
0.0779445 -0.946438 -0.313335  0.701162
        0         0         0         1
  0.228471  -0.322884   0.918448          0
 -0.970425          0   0.241401          0
-0.0779445  -0.946438  -0.313335   0.701162
         0          0          0          1
           0    -0.439452     0.898266 -5.55112e-17
          -1            0  5.55112e-17  5.55112e-17
           0    -0.898266    -0.439452     0.701162
           0            0            0            1
          0   -0.356822    0.934172           0
         -1           0           0 5.55112e-17
          0   -0.934172   -0.356822     0.70088
          0           0           0           1
-0.0203279   -0.87653   0.480918          0
 -0.999108          0 -0.0422312          0
 0.0370169  -0.481347  -0.875748   0.708562
         0          0          0          1
 -0.0163858   -0.931931    0.362264 2.77556e-17
  -0.998979 2.77556e-17  -0.0451855 5.55112e-17
  0.0421098   -0.362635    -0.93098    0.706799
          0           0           0           1
 -0.0768479    -0.90046    0.428095           0
  -0.984267           0   -0.176687 5.55112e-17
     0.1591   -0.434938   -0.886293    0.706799
          0           0           0           1
  -0.0375046    -0.903636     0.426656 -5.55112e-17
   -0.996159  2.77556e-17    -0.087566            0
   0.0791278    -0.428301    -0.900165     0.707614
           0            0            0            1
-0.0102643  -0.974347   0.224819          0
 -0.998959          0 -0.0456085          0
 0.0444385  -0.225053  -0.973333   0.704206
         0          0          0          1
-0.00348097   -0.997103   0.0759852           0
  -0.998952           0  -0.0457632           0
  0.0456306  -0.0760649   -0.996058    0.702581
          0           0           0           1
  -0.027847   -0.988211    0.150542 1.38778e-17
  -0.983318           0   -0.181893 5.55112e-17
   0.179748   -0.153096   -0.971726    0.702377
          0           0           0           1
 -0.0138526   -0.988393    0.151283           0
  -0.995834           0  -0.0911862 5.55112e-17
  0.0901279   -0.151916   -0.984276    0.702924
          0           0           0           1
  -0.0728963    -0.972857     0.219627  2.77556e-17
   -0.949088 -1.38778e-17    -0.315011            0
    0.306461    -0.231408    -0.923326     0.702377
           0            0            0            1
   -0.137193     -0.95109     0.276779  2.77556e-17
   -0.895971            0    -0.444112 -5.55112e-17
    0.422391    -0.308915    -0.852149     0.702581
           0            0            0            1
-0.118519  -0.92607  0.358256         0
-0.949396         0 -0.314083         0
 0.290863 -0.377351 -0.879207  0.704206
        0         0         0         1
-0.110202 -0.951645  0.286754         0
-0.933441         0 -0.358731         0
 0.341384 -0.307201 -0.888304  0.702924
        0         0         0         1
  -0.0269319     -0.95487     0.295802            0
   -0.995881            0   -0.0906721 -5.55112e-17
     0.08658    -0.297025    -0.950936     0.705209
           0            0            0            1
 -0.0519213   -0.973365    0.223302           0
  -0.974017 2.77556e-17   -0.226474           0
   0.220442   -0.229259   -0.948075    0.702885
          0           0           0           1
 -0.0836091   -0.928103    0.362814 2.77556e-17
   -0.97446           0    -0.22456           0
   0.208415   -0.372323     -0.9044    0.705209
          0           0           0           1
 -0.0543819   -0.953928    0.295066 2.77556e-17
  -0.983437 2.77556e-17   -0.181251           0
   0.172901   -0.300036   -0.938128    0.704512
          0           0           0           1
0.00348097  -0.997103 -0.0759852          0
 -0.998952          0 -0.0457632          0
 0.0456306  0.0760649  -0.996058   0.702581
         0          0          0          1
 0.0102643  -0.974347  -0.224819          0
 -0.998959          0 -0.0456085          0
 0.0444385   0.225053  -0.973333   0.704206
         0          0          0          1
    0.027847    -0.988211    -0.150542 -1.38778e-17
   -0.983318            0    -0.181893  5.55112e-17
    0.179748     0.153096    -0.971726     0.702377
           0            0            0            1
  0.0138526   -0.988393   -0.151283           0
  -0.995834           0  -0.0911862 5.55112e-17
  0.0901279    0.151916   -0.984276    0.702924
          0           0           0           1
   0.0163858    -0.931931    -0.362264 -2.77556e-17
   -0.998979 -2.77556e-17   -0.0451855  5.55112e-17
   0.0421098     0.362635     -0.93098     0.706799
           0            0            0            1
 0.0203279   -0.87653  -0.480918          0
 -0.999108          0 -0.0422312          0
 0.0370169   0.481347  -0.875748   0.708562
         0          0          0          1
  0.0768479    -0.90046   -0.428095           0
  -0.984267           0   -0.176687 5.55112e-17
     0.1591    0.434938   -0.886293    0.706799
          0           0           0           1
   0.0375046    -0.903636    -0.426656  5.55112e-17
   -0.996159 -2.77556e-17    -0.087566            0
   0.0791278     0.428301    -0.900165     0.707614
           0            0            0            1
 0.118519  -0.92607 -0.358256         0
-0.949396         0 -0.314083         0
 0.290863  0.377351 -0.879207  0.704206
        0         0         0         1
    0.137193     -0.95109    -0.276779 -2.77556e-17
   -0.895971            0    -0.444112 -5.55112e-17
    0.422391     0.308915    -0.852149     0.702581
           0            0            0            1
   0.0728963    -0.972857    -0.219627 -2.77556e-17
   -0.949088  1.38778e-17    -0.315011            0
    0.306461     0.231408    -0.923326     0.702377
           0            0            0            1
 0.110202 -0.951645 -0.286754         0
-0.933441         0 -0.358731         0
 0.341384  0.307201 -0.888304  0.702924
        0         0         0         1
   0.0269319     -0.95487    -0.295802            0
   -0.995881            0   -0.0906721 -5.55112e-17
     0.08658     0.297025    -0.950936     0.705209
           0            0            0            1
   0.0836091    -0.928103    -0.362814 -2.77556e-17
    -0.97446            0     -0.22456            0
    0.208415     0.372323      -0.9044     0.705209
           0            0            0            1
   0.0519213    -0.973365    -0.223302            0
   -0.974017 -2.77556e-17    -0.226474            0
    0.220442     0.229259    -0.948075     0.702885
           0            0            0            1
   0.0543819    -0.953928    -0.295066 -2.77556e-17
   -0.983437 -2.77556e-17    -0.181251            0
    0.172901     0.300036    -0.938128     0.704512
           0            0            0            1
   0.130602   -0.972513   -0.192776 2.77556e-17
  -0.827895           0   -0.560884 5.55112e-17
   0.545466     0.23285   -0.805138    0.702581
          0           0           0           1
    0.100934    -0.988335    -0.114049            0
   -0.748852 -1.38778e-17    -0.662737 -5.55112e-17
    0.655006     0.152298    -0.740117     0.704206
           0            0            0            1
   0.0435327    -0.996929   -0.0650983            0
   -0.831261            0    -0.555882 -1.11022e-16
    0.554175    0.0783127    -0.828708     0.702377
           0            0            0            1
   0.0923013     -0.98787    -0.124875            0
    -0.80417            0      -0.5944 -5.55112e-17
    0.587189     0.155285    -0.794415     0.702924
           0            0            0            1
   0.0540695    -0.997383   -0.0480031 -3.46945e-18
   -0.663911 -6.93889e-18    -0.747812            0
    0.745855    0.0723036    -0.662173     0.706799
           0            0            0            1
           0           -1            0            0
   -0.578259            0    -0.815853 -1.11022e-16
    0.815853            0    -0.578259     0.708562
           0            0            0            1
 -0.0540695   -0.997383   0.0480031 3.46945e-18
  -0.663911 6.93889e-18   -0.747812           0
   0.745855  -0.0723036   -0.662173    0.706799
          0           0           0           1
        0        -1         0         0
 -0.63546         0 -0.772133         0
 0.772133         0  -0.63546  0.707614
        0         0         0         1
   -0.100934    -0.988335     0.114049            0
   -0.748852  1.38778e-17    -0.662737 -5.55112e-17
    0.655006    -0.152298    -0.740117     0.704206
           0            0            0            1
   -0.130602    -0.972513     0.192776 -2.77556e-17
   -0.827895            0    -0.560884  5.55112e-17
    0.545466     -0.23285    -0.805138     0.702581
           0            0            0            1
  -0.0435327    -0.996929    0.0650983            0
   -0.831261            0    -0.555882 -1.11022e-16
    0.554175   -0.0783127    -0.828708     0.702377
           0            0            0            1
  -0.0923013     -0.98787     0.124875            0
    -0.80417            0      -0.5944 -5.55112e-17
    0.587189    -0.155285    -0.794415     0.702924
           0            0            0            1
   0.0520291    -0.997161   -0.0544316 -3.46945e-18
    -0.72288 -6.93889e-18    -0.690974  1.11022e-16
    0.689012    0.0752983    -0.720828     0.705209
           0            0            0            1
 -0.0520291   -0.997161   0.0544316 3.46945e-18
   -0.72288 6.93889e-18   -0.690974 1.11022e-16
   0.689012  -0.0752983   -0.720828    0.705209
          0           0           0           1
          0          -1           0           0
  -0.806385           0   -0.591392 5.55112e-17
   0.591392           0   -0.806385    0.702885
          0           0           0           1
        0        -1         0         0
-0.752696         0 -0.658369         0
 0.658369         0 -0.752696  0.704512
        0         0         0         1
         0         -1          0          0
 -0.995821          0 -0.0913224          0
 0.0913224          0  -0.995821    0.70211
         0          0          0          1
   0.0175032    -0.997012   -0.0752386  6.93889e-18
   -0.973991 -6.93889e-18    -0.226585            0
    0.225908    0.0772477    -0.971081     0.701475
           0            0            0            1
  -0.0175032    -0.997012    0.0752386 -6.93889e-18
   -0.973991  6.93889e-18    -0.226585            0
    0.225908   -0.0772477    -0.971081     0.701475
           0            0            0            1
        0        -1         0         0
-0.983315         0  -0.18191         0
  0.18191         0 -0.983315  0.701613
        0         0         0         1
   0.0557662    -0.987766    -0.145628 -1.38778e-17
   -0.933871 -1.38778e-17    -0.357611            0
    0.353236     0.155941    -0.922446     0.701475
           0            0            0            1
    0.112967    -0.972274    -0.204748  1.38778e-17
   -0.875574 -1.38778e-17    -0.483084  5.55112e-17
    0.469691     0.233844    -0.851298      0.70211
           0            0            0            1
  0.0377501   -0.996899  -0.0690473 6.93889e-18
  -0.877425           0   -0.479713           0
   0.478226   0.0786931   -0.874704    0.701475
          0           0           0           1
  0.0690846   -0.987647   -0.140642           0
  -0.897561           0   -0.440891 5.55112e-17
   0.435445    0.156693   -0.886474    0.701613
          0           0           0           1
  -0.0377501    -0.996899    0.0690473 -6.93889e-18
   -0.877425            0    -0.479713            0
    0.478226   -0.0786931    -0.874704     0.701475
           0            0            0            1
   -0.112967    -0.972274     0.204748 -1.38778e-17
   -0.875574  1.38778e-17    -0.483084  5.55112e-17
    0.469691    -0.233844    -0.851298      0.70211
           0            0            0            1
 -0.0557662   -0.987766    0.145628 1.38778e-17
  -0.933871 1.38778e-17   -0.357611           0
   0.353236   -0.155941   -0.922446    0.701475
          0           0           0           1
 -0.0690846   -0.987647    0.140642           0
  -0.897561           0   -0.440891 5.55112e-17
   0.435445   -0.156693   -0.886474    0.701613
          0           0           0           1
 0.0244973  -0.996958 -0.0739948          0
 -0.949327          0  -0.314291          0
  0.313335  0.0779445  -0.946438   0.701162
         0          0          0          1
        0        -1         0         0
-0.898266         0 -0.439452         0
 0.439452         0 -0.898266  0.701162
        0         0         0         1
-0.0244973  -0.996958  0.0739948          0
 -0.949327          0  -0.314291          0
  0.313335 -0.0779445  -0.946438   0.701162
         0          0          0          1
          0          -1           0           0
  -0.934172           0   -0.356822 5.55112e-17
   0.356822           0   -0.934172     0.70088
          0           0           0           1
 0.0203279   -0.87653   0.480918          0
 -0.999108          0  0.0422312          0
-0.0370169  -0.481347  -0.875748   0.708562
         0          0          0          1
  0.0768479    -0.90046    0.428095           0
  -0.984267           0    0.176687 5.55112e-17
    -0.1591   -0.434938   -0.886293    0.706799
          0           0           0           1
  0.0163858   -0.931931    0.362264 2.77556e-17
  -0.998979 2.77556e-17   0.0451855 5.55112e-17
 -0.0421098   -0.362635    -0.93098    0.706799
          0           0           0           1
   0.0375046    -0.903636     0.426656 -5.55112e-17
   -0.996159  2.77556e-17     0.087566            0
  -0.0791278    -0.428301    -0.900165     0.707614
           0            0            0            1
 0.118519  -0.92607  0.358256         0
-0.949396         0  0.314083         0
-0.290863 -0.377351 -0.879207  0.704206
        0         0         0         1
   0.137193    -0.95109    0.276779 2.77556e-17
  -0.895971           0    0.444112 5.55112e-17
  -0.422391   -0.308915   -0.852149    0.702581
          0           0           0           1
   0.0728963    -0.972857     0.219627  2.77556e-17
   -0.949088 -1.38778e-17     0.315011            0
   -0.306461    -0.231408    -0.923326     0.702377
           0            0            0            1
 0.110202 -0.951645  0.286754         0
-0.933441         0  0.358731         0
-0.341384 -0.307201 -0.888304  0.702924
        0         0         0         1
   0.027847   -0.988211    0.150542 1.38778e-17
  -0.983318           0    0.181893 5.55112e-17
  -0.179748   -0.153096   -0.971726    0.702377
          0           0           0           1
0.00348097  -0.997103  0.0759852          0
 -0.998952          0  0.0457632          0
-0.0456306 -0.0760649  -0.996058   0.702581
         0          0          0          1
 0.0102643  -0.974347   0.224819          0
 -0.998959          0  0.0456085          0
-0.0444385  -0.225053  -0.973333   0.704206
         0          0          0          1
  0.0138526   -0.988393    0.151283           0
  -0.995834           0   0.0911862 5.55112e-17
 -0.0901279   -0.151916   -0.984276    0.702924
          0           0           0           1
  0.0836091   -0.928103    0.362814 2.77556e-17
   -0.97446           0     0.22456           0
  -0.208415   -0.372323     -0.9044    0.705209
          0           0           0           1
  0.0519213   -0.973365    0.223302           0
  -0.974017 2.77556e-17    0.226474           0
