          0   -0.850651   -0.525731 1.11022e-16
          1           0           0           0
          0   -0.525731    0.850651     1.53514
          0           0           0           1
          0   -0.850651    0.525731 1.11022e-16
         -1           0           0           0
          0   -0.525731   -0.850651     1.53514
          0           0           0           1
           0    -0.850651    -0.525731 -1.11022e-16
          -1            0            0            0
           0     0.525731    -0.850651      1.53514
           0            0            0            1
   -0.850651    -0.525731            0 -1.11022e-16
           0            0           -1            0
    0.525731    -0.850651            0      1.53514
           0            0            0            1
   0.850651   -0.525731           0 1.11022e-16
          0           0          -1           0
   0.525731    0.850651           0     1.53514
          0           0           0           1
    0.850651    -0.525731            0 -1.11022e-16
           0            0            1            0
   -0.525731    -0.850651            0      1.53514
           0            0            0            1
  -0.850651   -0.525731           0 1.11022e-16
          0           0           1           0
  -0.525731    0.850651           0     1.53514
          0           0           0           1
           0    -0.850651     0.525731 -1.11022e-16
           1            0            0            0
           0     0.525731     0.850651      1.53514
           0            0            0            1
           0           -1            0            0
   -0.525731            0     0.850651 -1.11022e-16
   -0.850651            0    -0.525731      1.53514
           0            0            0            1
          0          -1           0           0
  -0.525731           0   -0.850651 1.11022e-16
   0.850651           0   -0.525731     1.53514
          0           0           0           1
           0           -1            0            0
    0.525731            0    -0.850651 -1.11022e-16
    0.850651            0     0.525731      1.53514
           0            0            0            1
          0          -1           0           0
   0.525731           0    0.850651 1.11022e-16
  -0.850651           0    0.525731     1.53514
          0           0           0           1
   -0.425325    -0.587785    -0.688191 -1.11022e-16
    0.850651            0    -0.525731            0
    0.309017    -0.809017          0.5      1.53884
           0            0            0            1
    0.425325    -0.587785    -0.688191 -1.11022e-16
    0.850651            0     0.525731            0
   -0.309017    -0.809017          0.5      1.53884
           0            0            0            1
          0           0          -1           0
          1           0           0 1.11022e-16
          0          -1           0     1.53884
          0           0           0           1
    0.425325    -0.587785     0.688191 -1.11022e-16
   -0.850651            0     0.525731            0
   -0.309017    -0.809017         -0.5      1.53884
           0            0            0            1
   -0.425325    -0.587785     0.688191 -1.11022e-16
   -0.850651            0    -0.525731            0
    0.309017    -0.809017         -0.5      1.53884
           0            0            0            1
    -0.16246    -0.951057     0.262866            0
   -0.850651 -2.77556e-17    -0.525731            0
         0.5    -0.309017    -0.809017      1.53884
           0            0            0            1
           0           -1            0            0
          -1            0            0 -1.11022e-16
           0            0           -1      1.53884
           0            0            0            1
    0.16246   -0.951057   -0.262866           0
  -0.850651 2.77556e-17   -0.525731           0
        0.5    0.309017   -0.809017     1.53884
          0           0           0           1
     0.16246    -0.951057     0.262866            0
   -0.850651 -2.77556e-17     0.525731            0
        -0.5    -0.309017    -0.809017      1.53884
           0            0            0            1
   -0.16246   -0.951057   -0.262866           0
  -0.850651 2.77556e-17    0.525731           0
       -0.5    0.309017   -0.809017     1.53884
          0           0           0           1
     0.16246    -0.951057    -0.262866            0
    0.850651 -2.77556e-17     0.525731            0
        -0.5    -0.309017     0.809017      1.53884
           0            0            0            1
           0           -1            0            0
           1            0            0 -1.11022e-16
           0            0            1      1.53884
           0            0            0            1
   -0.16246   -0.951057    0.262866           0
   0.850651 2.77556e-17    0.525731           0
       -0.5    0.309017    0.809017     1.53884
          0           0           0           1
    -0.16246    -0.951057    -0.262866            0
    0.850651 -2.77556e-17    -0.525731            0
         0.5    -0.309017     0.809017      1.53884
           0            0            0            1
    0.16246   -0.951057    0.262866           0
   0.850651 2.77556e-17   -0.525731           0
        0.5    0.309017    0.809017     1.53884
          0           0           0           1
   0.425325   -0.587785   -0.688191 1.11022e-16
  -0.850651           0   -0.525731           0
   0.309017    0.809017        -0.5     1.53884
          0           0           0           1
  -0.425325   -0.587785   -0.688191 1.11022e-16
  -0.850651           0    0.525731           0
  -0.309017    0.809017        -0.5     1.53884
          0           0           0           1
           0            0           -1            0
          -1            0            0 -1.11022e-16
           0            1            0      1.53884
           0            0            0            1
  -0.425325   -0.587785    0.688191 1.11022e-16
   0.850651           0    0.525731           0
  -0.309017    0.809017         0.5     1.53884
          0           0           0           1
   0.425325   -0.587785    0.688191 1.11022e-16
   0.850651           0   -0.525731           0
   0.309017    0.809017         0.5     1.53884
          0           0           0           1
  -0.467086   -0.866025   -0.178411 8.32667e-17
   0.356822           0   -0.934172           0
   0.809017        -0.5    0.309017     1.53884
          0           0           0           1
  -0.467086   -0.866025    0.178411 8.32667e-17
  -0.356822           0   -0.934172           0
   0.809017        -0.5   -0.309017     1.53884
          0           0           0           1
           0           -1            0            0
           0            0           -1 -1.11022e-16
           1            0            0      1.53884
           0            0            0            1
    0.467086    -0.866025    -0.178411 -8.32667e-17
   -0.356822            0    -0.934172            0
    0.809017          0.5    -0.309017      1.53884
           0            0            0            1
    0.467086    -0.866025     0.178411 -8.32667e-17
    0.356822            0    -0.934172            0
    0.809017          0.5     0.309017      1.53884
           0            0            0            1
   0.467086   -0.866025    0.178411 8.32667e-17
  -0.356822           0    0.934172           0
  -0.809017        -0.5   -0.309017     1.53884
          0           0           0           1
   0.467086   -0.866025   -0.178411 8.32667e-17
   0.356822           0    0.934172           0
  -0.809017        -0.5    0.309017     1.53884
          0           0           0           1
           0           -1            0            0
           0            0            1 -1.11022e-16
          -1            0            0      1.53884
           0            0            0            1
   -0.467086    -0.866025     0.178411 -8.32667e-17
    0.356822            0     0.934172            0
   -0.809017          0.5     0.309017      1.53884
           0            0            0            1
   -0.467086    -0.866025    -0.178411 -8.32667e-17
   -0.356822            0     0.934172            0
   -0.809017          0.5    -0.309017      1.53884
           0            0            0            1
